2023-08-06 06:28:58.497153 - Initialized conversion of CBT685
2023-08-06 06:28:58.883201 - Received CBT.V505.FILE685.PDS from FILE685.XMI 
2023-08-06 06:28:58.885732 - Found $$$#DATE.txt (text/plain) in CBT.V505.FILE685.PDS, moved to PDS/$$$#DATE
2023-08-06 06:28:58.886742 - Found $README.txt (text/plain) in CBT.V505.FILE685.PDS, moved to PDS/$README
2023-08-06 06:28:58.887732 - Found @FILE685.txt (text/plain) in CBT.V505.FILE685.PDS, moved to PDS/@FILE685
2023-08-06 06:28:58.906876 - Found CNTL.xmi (application/xmit) in CBT.V505.FILE685.PDS
2023-08-06 06:28:58.911223   - Received to CBT685/TXT2XML.CNTL
2023-08-06 06:28:58.957978 - Found COB.xmi (application/xmit) in CBT.V505.FILE685.PDS
2023-08-06 06:28:58.967126   - Received to CBT685/SAMPLE.COB
2023-08-06 06:28:58.998256 - Found COB2.xmi (application/xmit) in CBT.V505.FILE685.PDS
2023-08-06 06:28:59.006519   - Received to CBT685/COB.XML2COB
2023-08-06 06:28:59.234890 - Found DOC.xmi (application/xmit) in CBT.V505.FILE685.PDS
2023-08-06 06:28:59.254081   - Received to CBT685/TXT2XML.DOC
2023-08-06 06:28:59.256928 - De-xmi-ed DOCPDF to CBT685/docs/DOCPDF.pdf
2023-08-06 06:28:59.265519 - Found DTD.xmi (application/xmit) in CBT.V505.FILE685.PDS
2023-08-06 06:28:59.272143   - Received to CBT685/SAMPLE.DTD
2023-08-06 06:28:59.342405 - Found EXEC.xmi (application/xmit) in CBT.V505.FILE685.PDS
2023-08-06 06:28:59.347721   - Received to CBT685/TXT2XML.EXEC
2023-08-06 06:28:59.362206 - Found PANEL.xmi (application/xmit) in CBT.V505.FILE685.PDS
2023-08-06 06:28:59.366387   - Received to CBT685/TXT2XML.PANEL
2023-08-06 06:28:59.367375 - Found README.txt (text/plain) in CBT.V505.FILE685.PDS, moved to PDS/README
2023-08-06 06:28:59.368275 - Found RECEIVE.rexx (text/plain) in CBT.V505.FILE685.PDS, moved to PDS/RECEIVE
2023-08-06 06:28:59.410627 - Found TXT.xmi (application/xmit) in CBT.V505.FILE685.PDS
2023-08-06 06:28:59.422685   - Received to CBT685/SAMPLE.TXT
2023-08-06 06:28:59.442322 - Found XML.xmi (application/xmit) in CBT.V505.FILE685.PDS
2023-08-06 06:28:59.453827   - Received to CBT685/SAMPLE.XML
